"","period","country_ID","country_no","CAB","GDPPC_PPP","invest","gov_debt","openness","demand","x_price","gov_deficit","credit","GDP_gr"
"1",1980,"ESP",1,-2.302,7944.54,23.001,17.21435627,0.233914681,0.023842018,0.545403957,-2.28876,72.89939699,1.203
"2",1981,"ESP",1,-2.505,8569.54,22.511,22.19211498,0.241002411,-0.020679944,0.501035571,-2.65711,76.21758453,-0.408
"3",1982,"ESP",1,-2.386,9164.908,22.294,25.12159066,0.250160225,0.010341845,0.487743556,-5.35527,78.72106269,1.239
"4",1983,"ESP",1,-1.424,9638.892,21.626,30.35415414,0.255736426,0.002557962,0.441546232,-3.95619,73.83754109,1.652
"5",1984,"ESP",1,1.213,10110.145,19.967,37.04596346,0.277053699,-0.002014581,0.440967083,-3.79866,67.60586762,1.698
"6",1985,"ESP",1,1.152,10642.566,20.416,42.02617758,0.295727894,0.031869502,0.43653971,-3.29671,65.503574,2.362
"7",1986,"ESP",1,1.467,11197.366,21.037,43.26769576,0.279199481,0.053736232,0.500654519,-1.89797,64.25280921,3.432
"8",1987,"ESP",1,-0.012,12110.435,22.289,43.10502037,0.310931548,0.079554046,0.55143857,-0.669396,67.28395085,5.709
"9",1988,"ESP",1,-0.987,13168.781,24.199,39.59489513,0.323451877,0.069438486,0.601142168,-0.072023,73.70009262,5.285
"10",1989,"ESP",1,-2.796,14336.908,25.596,41.00148564,0.337509945,0.073652797,0.624857962,-0.33923,77.42608622,5.004
"11",1990,"ESP",1,-3.381,15412.046,25.877,42.47680976,0.385490507,0.046330595,0.648428202,-0.511655,76.46075838,3.847
"12",1991,"ESP",1,-3.487,16284.004,25.146,43.05217173,0.359355018,0.030385617,0.713987589,0.926762,77.93918345,2.525
"13",1992,"ESP",1,-3.408,16741.578,23.156,45.38582574,0.418263793,0.009878396,0.640150607,0.50973,76.21548245,0.851
"14",1993,"ESP",1,-1.048,16862.185,21.153,56.11632208,0.359468564,-0.032859578,0.645321131,-2.49156,74.45858348,-1.314
"15",1994,"ESP",1,-1.207,17575.779,21.07,58.63760235,0.386811569,0.014782938,0.667449415,-0.832221,71.05811074,2.335
"16",1995,"ESP",1,-0.954,18638.272,22.149,63.334787,0.418508306,0.0308089,0.722438574,-2.07628,70.37293996,4.122
"17",1996,"ESP",1,-0.756,19393.078,21.957,67.48486476,0.442551047,0.020825129,0.733319819,-0.276401,71.06678215,2.421
"18",1997,"ESP",1,-0.726,20433.625,22.323,66.15869786,0.446821406,0.034119564,0.694051206,0.67648,76.12003247,3.865
"19",1998,"ESP",1,-1.665,21503.039,23.722,64.16455229,0.459559619,0.061853839,0.651997745,1.18586,82.91873854,4.469
"20",1999,"ESP",1,-3.296,22750.615,25.406,62.41652301,0.465169802,0.064154294,0.646369398,2.27513,87.42318901,4.745
"21",2000,"ESP",1,-4.401,24239.418,26.579,59.37911152,0.469881698,0.053085211,0.604132116,2.28542,95.30058027,5.053
"22",2001,"ESP",1,-4.391,25495.034,26.573,55.5920661,0.47677286,0.03788566,0.587780118,2.5078,98.4165037,4.004
"23",2002,"ESP",1,-3.738,26180.58,26.901,52.57878282,0.481258929,0.032320247,0.595945597,2.47635,102.8852724,2.88
"24",2003,"ESP",1,-3.884,27048.862,27.823,48.78567506,0.535757452,0.038419553,0.666398406,1.99915,110.3007946,3.186
"25",2004,"ESP",1,-5.586,28230.134,28.753,46.25514505,0.586030737,0.048106098,0.713694453,1.91705,121.9429547,3.17
"26",2005,"ESP",1,-7.494,29665.48,30.016,43.16485025,0.590771571,0.05040278,0.716990173,3.05455,142.3220921,3.717
"27",2006,"ESP",1,-8.99,31353.129,31.296,39.67896204,0.592482641,0.052479662,0.748510957,4.00843,163.2688938,4.177
"28",2007,"ESP",1,-9.648,32754.261,31.335,36.30090176,0.61645925,0.040537593,0.816198409,3.53089,183.080698,3.769
"29",2008,"ESP",1,-9.251,33220.948,29.596,40.17179818,0.603234872,-0.005250431,0.888510764,-2.89322,197.6756103,1.117
"30",2009,"ESP",1,-4.281,32008.831,24.566,53.97704352,0.47143285,-0.062207264,0.866358101,-9.40781,206.0238139,-3.575
"31",2010,"ESP",1,-3.922,32269.91,23.549,61.6564335,0.53892985,-0.006295655,0.832789183,-7.42841,208.0394999,0.017
"32",1980,"AUS",2,-2.369,10437.979,27.179,21.34881028,0.315590337,0.057886179,0.455011517,0.661012721,27.89841965,2.894
"33",1981,"AUS",2,-4.059,11696.004,28.938,18.94465073,0.311105341,0.056879843,0.484868556,0.603122582,27.97808889,4.127
"34",1982,"AUS",2,-4.109,12226.464,26.541,17.38733975,0.319269672,-0.027366455,0.469180286,-1.048954744,27.09603728,0.063
"35",1983,"AUS",2,-3.149,12489.933,23.097,18.8926315,0.278581291,0.047128354,0.437755197,-1.301976122,28.84289258,-0.474
"36",1984,"AUS",2,-4.15,13583.916,26.772,20.35905187,0.300287694,0.044830315,0.451836884,-0.668484401,30.35989633,6.346
"37",1985,"AUS",2,-4.865,14575.908,27.283,21.99568127,0.294674546,0.049037073,0.441940725,-0.036900511,37.11092289,5.456
"38",1986,"AUS",2,-5.052,15008.96,25.594,23.41314225,0.262758896,0.010215362,0.485720217,1.841137534,40.38987988,2.448
"39",1987,"AUS",2,-3.392,15893.197,26.432,22.06372051,0.252657898,0.055035029,0.532391489,3.274067182,42.86044201,4.893
"40",1988,"AUS",2,-3.815,16848.609,28.877,24.8187007,0.270989552,0.066897566,0.583150446,4.14863591,46.7876914,4.253
"41",1989,"AUS",2,-6.01,18033.72,30.205,22.7699726,0.298778787,0.036024123,0.592048287,3.317453571,59.33384994,4.569
"42",1990,"AUS",2,-4.843,18724.123,26.482,21.5777027,0.303664744,-0.027562015,0.587175429,1.141526142,60.65017955,1.503
"43",1991,"AUS",2,-3.282,18901.683,22.764,22.914084,0.28042163,0.006215998,0.691879392,-1.847101562,60.17719957,-1.113
"44",1992,"AUS",2,-3.264,19643.873,22.735,27.1514375,0.329391137,0.038925973,0.525097549,-2.688267598,61.9003591,2.652
"45",1993,"AUS",2,-2.998,20714.406,23.927,30.32178002,0.317472383,0.032130662,0.572330952,-0.694343433,63.30149996,3.95
"46",1994,"AUS",2,-4.472,21973.066,25.55,31.45285015,0.327638373,0.06493683,0.621581554,-0.194390279,66.75499523,4.888
"47",1995,"AUS",2,-4.925,22805.853,25.395,30.88935175,0.333219931,0.03067366,0.660052955,0.835181846,69.80091746,2.955
"48",1996,"AUS",2,-3.392,23941.961,25.005,29.11389627,0.339991361,0.037029555,0.689303458,1.834529662,71.48474154,4.298
"49",1997,"AUS",2,-2.843,25119.285,24.4,25.78715814,0.347918287,0.055328385,0.66131705,2.591860455,75.31994819,4.164
"50",1998,"AUS",2,-4.698,26349.03,26.26,23.70447809,0.332605422,0.054827389,0.60883683,2.72201878,79.17987067,4.866
"51",1999,"AUS",2,-5.297,27572.59,26.302,22.52483073,0.328269407,0.044180401,0.594328463,3.803714898,84.26208317,4.243
"52",2000,"AUS",2,-3.927,28733.521,24.991,19.45846782,0.365572423,0.000967661,0.555827796,1.286329653,87.78555019,3.087
"53",2001,"AUS",2,-2.079,29763.338,23.511,17.04078989,0.34438844,0.043854438,0.555905998,1.704885635,88.62555599,2.574
"54",2002,"AUS",2,-3.71,31077.005,25.242,14.95391723,0.355584458,0.057976591,0.549822867,2.797476952,91.57531444,3.997
"55",2003,"AUS",2,-5.386,32289.023,26.764,13.15098595,0.355521679,0.064609294,0.609410167,2.47919175,99.40838722,3.021
"56",2004,"AUS",2,-6.261,34139.076,27.169,11.8900167,0.409501985,0.048579828,0.649891078,2.57511382,102.9109572,4.036
"57",2005,"AUS",2,-5.919,35894.567,27.885,10.82824091,0.45133245,0.039429649,0.642345071,2.957683061,108.8049547,3.214
"58",2006,"AUS",2,-5.801,37397.801,27.306,10.00768966,0.484390393,0.049179053,0.693582058,2.57933376,113.7855774,2.655
"59",2007,"AUS",2,-6.705,39386.325,28.636,9.713655626,0.500656202,0.060251,0.747933209,2.764266103,120.732976,4.52
"60",2008,"AUS",2,-4.965,40349.415,28.95,11.75971473,0.573946714,0.003025968,0.870572209,-1.964134377,121.8380854,2.671
"61",2009,"AUS",2,-4.678,40559.466,27.683,16.81077837,0.535918027,0.023902343,0.747607231,-3.713955189,122.8353078,1.575
"62",2010,"AUS",2,-3.567,41397.837,27.135,20.51402686,0.54319185,0.03758581,0.992450476,-3.40152,126.0268027,2.25
"63",1980,"CAN",3,-2.23,11678.985,22.639,45.63178663,0.574813932,0.008292032,0.431926161,1.35055,70.91815162,2.163
"64",1981,"CAN",3,-4.099,13049.445,25.419,46.93289036,0.563413352,0.028822983,0.469461977,3.42191,83.67506725,3.503
"65",1982,"CAN",3,0.589,13280.622,19.998,52.66845731,0.501938134,-0.063850247,0.475900114,0.191124,81.09240329,-3.02
"66",1983,"CAN",3,-0.741,14017.716,20.311,58.40257225,0.512130022,0.039441365,0.487907618,-0.912768,75.92779363,2.566
"67",1984,"CAN",3,-0.367,15179.7,21.127,61.67393649,0.578158349,0.050186005,0.479851872,0.042261,75.490487,5.572
"68",1985,"CAN",3,-1.609,16248.264,21.724,66.86944356,0.566494673,0.054740326,0.471934199,-0.231824,76.69211617,4.679
"69",1986,"CAN",3,-3.024,16774.973,21.872,70.99854407,0.50750339,0.032936614,0.545611739,1.29102,77.59779758,2.198
"70",1987,"CAN",3,-3.196,17674.504,22.388,71.44908373,0.467732653,0.050234105,0.583715618,2.85751,78.7226525,4.042
"71",1988,"CAN",3,-3.035,18906.617,23.66,71.08355166,0.483537778,0.055103135,0.658942282,3.95274,80.68392757,4.738
"72",1989,"CAN",3,-3.947,19765.987,23.757,72.24708709,0.487731159,0.041455252,0.648479521,4.26468,85.48375737,2.375
"73",1990,"CAN",3,-3.433,20213.459,21.448,75.18991177,0.511171222,-0.003967514,0.650015771,3.62586,89.44717653,0.129
"74",1991,"CAN",3,-3.765,20184.294,19.475,82.33953488,0.485312939,-0.018850496,0.725063741,1.0606,92.27444531,-2.12
"75",1992,"CAN",3,-3.65,20573.063,18.507,90.2315555,0.573008001,0.004820398,0.594885349,0.187443,94.10818828,0.854
"76",1993,"CAN",3,-3.88,21364.774,18.609,96.323764,0.60428825,0.014791083,0.626906335,0.480896,92.78836235,2.607
"77",1994,"CAN",3,-2.408,22570.056,19.647,97.96179137,0.624023259,0.032465836,0.671870887,2.32373,91.34040357,4.554
"78",1995,"CAN",3,-0.86,23426.672,19.505,101.6010098,0.628830105,0.017647984,0.717972398,4.23802,90.40224445,2.738
"79",1996,"CAN",3,0.387,24003.18,19.036,101.7192758,0.634472311,0.012740152,0.731119633,6.3168,95.22171804,1.68
"80",1997,"CAN",3,-1.38,25198.891,21.346,96.31791266,0.698604703,0.060717609,0.699684978,8.57281,99.18602226,4.253
"81",1998,"CAN",3,-1.397,26300.71,21.128,95.16455677,0.724262208,0.024988417,0.657644093,8.3326,97.74933367,4.138
"82",1999,"CAN",3,0.117,27813.136,20.808,91.36915092,0.737987995,0.042154711,0.648541331,9.25094,97.29149719,4.997
"83",2000,"CAN",3,2.512,29629.732,20.759,82.12687063,0.800000966,0.046778713,0.636509836,10.05,93.79392551,5.123
"84",2001,"CAN",3,2.139,30494.182,19.835,82.65914473,0.774624825,0.012856942,0.615610242,7.26602,174.0978958,1.688
"85",2002,"CAN",3,1.665,31487.181,19.95,80.55399187,0.780812353,0.032304125,0.60904032,5.72406,169.064876,2.802
"86",2003,"CAN",3,1.15,32429.806,20.643,76.56183156,0.745127499,0.04476307,0.654587686,5.30748,162.9146886,1.925
"87",2004,"CAN",3,2.281,34047.138,21.556,72.60071609,0.770637393,0.04072183,0.711382568,5.80623,165.6502966,3.139
"88",2005,"CAN",3,1.853,35912.098,22.816,71.60815085,0.823973775,0.049024349,0.714374006,6.10535,173.519522,3.163
"89",2006,"CAN",3,1.368,37605.517,23.763,70.25527353,0.863675565,0.044213357,0.736499846,5.9118,189.4250475,2.622
"90",2007,"CAN",3,0.779,38999.006,23.95,66.51826079,0.832872361,0.039036642,0.800058424,5.73187,124.4613929,2.008
"91",2008,"CAN",3,0.116,39806.197,24.019,71.28346445,0.861971438,0.028330024,0.871052504,4.01,124.9320898,1.175
"92",2009,"CAN",3,-2.92,38576.461,21.778,81.28017297,0.70162642,-0.027274442,0.793950498,-1.07019,NA,-2.711
"93",2010,"CAN",3,-3.513,39916.624,23.339,83.1092577,0.769934386,0.051806611,0.877512038,-1.84869,NA,3.374
"94",1980,"CHL",4,-6.868,3436.382,NA,29.5888,0.285427481,0.089122939,0.584633231,6.23169,46.85330894,7.945
"95",1981,"CHL",4,-13.928,3925.453,24.532,19.0272,0.287224337,0.117297593,0.563792348,2.97964,53.15155131,6.212
"96",1982,"CHL",4,-9.093,3544.612,13.477,33.9579,0.23332499,-0.217148628,0.482022345,-0.46792,84.0907288,-13.588
"97",1983,"CHL",4,-5.427,3524.631,12.036,71.4269,0.232524924,-0.070128764,0.491156757,-1.38102,75.29938277,-2.802
"98",1984,"CHL",4,-10.548,3804.333,15.803,117.486,0.250037864,0.089200473,0.446451277,-1.51241,82.39757582,5.886
"99",1985,"CHL",4,-8.234,3941.954,19.303,165.546,0.240377389,-0.037328082,0.431490332,-0.238536,69.32351593,1.968
"100",1986,"CHL",4,-6.458,4172.245,20.935,164.955,0.220954597,0.048916087,0.486446917,0.742549,62.69888737,5.596
"101",1987,"CHL",4,-3.378,4481.958,24.234,147.047,0.240030289,0.100136107,0.53153187,3.68253,57.40917885,6.581
"102",1988,"CHL",4,-0.902,4892.862,24.877,113.247,0.265412465,0.077496861,0.568373203,11.633,52.62877095,7.288
"103",1989,"CHL",4,-2.338,5528.802,27.25,82.6764,0.29546158,0.135832707,0.589813054,13.0942,48.86528151,10.605
"104",1990,"CHL",4,-1.474,5846.67,27.25,77.1557,0.30390428,0.029119023,0.588705361,8.33864,45.30622926,3.671
"105",1991,"CHL",4,-0.261,6403.064,24.929,66.5652,0.272693545,0.061097193,0.665347397,2.43052,42.64295229,7.945
"106",1992,"CHL",4,-2.08,7217.822,26.213,54.4441,0.3171051,0.148684334,0.563529491,3.57874,45.20579305,12.209
"107",1993,"CHL",4,-5.181,7763.143,28.838,47.4207,0.303548068,0.105561945,0.581519723,3.45655,49.23933471,6.926
"108",1994,"CHL",4,-2.788,8233.64,26.689,41.0422,0.302725077,0.055097771,0.607138157,4.42081,48.0743421,5.666
"109",1995,"CHL",4,-1.836,9129.93,28.513,31.8986,0.336032212,0.152495426,0.663631141,5.79806,49.70928379,10.487
"110",1996,"CHL",4,-3.968,9843.364,27.695,26.8037,0.328344956,0.078530559,0.691534936,3.53424,54.10177205,7.357
"111",1997,"CHL",4,-4.314,10528.641,27.543,26.3245,0.378367379,0.072673968,0.663679361,3.35235,67.23204058,6.606
"112",1998,"CHL",4,-4.806,10843.579,26.902,25.1403,0.354526848,0.037171822,0.615809023,1.62437,66.93472523,3.267
"113",1999,"CHL",4,0.132,10787.194,20.85,19.16454286,0.356047735,-0.056275341,0.602968454,-0.826297,70.2514805,-0.709
"114",2000,"CHL",4,-1.151,11375.593,21.941,13.18878571,0.414417654,0.058222728,0.570173323,0.500761,69.8026034,4.469
"115",2001,"CHL",4,-1.543,11889.361,22.208,14.39364587,0.43185772,0.023962012,0.55676651,0.682765,72.25336272,3.342
"116",2002,"CHL",4,-0.827,12257.82,22.033,15.08536174,0.39800486,0.024107628,0.567305923,-0.053002,73.6237621,2.17
"117",2003,"CHL",4,-1.089,12787.285,21.886,12.64045556,0.432086274,0.048096888,0.629771471,0.717929,74.53383169,3.387
"118",2004,"CHL",4,2.617,13888.312,20.28,10.29294709,0.509025842,0.081359439,0.671481431,3.08631,75.56669002,6.797
"119",2005,"CHL",4,1.537,15084.652,21.973,6.996603531,0.566317588,0.113202065,0.693965673,5.56342,76.33080422,6.305
"120",2006,"CHL",4,4.599,16285.682,20.678,4.994221808,0.61879766,0.079286402,0.727877855,8.54343,77.6936644,5.825
"121",2007,"CHL",4,4.09,17405.471,20.558,3.890186494,0.649837732,0.072739513,0.804138958,8.96106,83.82487596,5.207
"122",2008,"CHL",4,-3.229,18120.956,25.936,4.919819891,0.679149479,0.082873372,0.755040228,4.84282,100.1401374,3.234
"123",2009,"CHL",4,2.045,17866.612,20.367,5.834224863,0.560177341,-0.056865296,0.721326351,-3.84173,102.3722397,-1.033
"124",2010,"CHL",4,1.735,18910.72,22.338,8.599158701,0.607024074,0.146890795,0.898195386,0.206054,99.25708201,5.74
"125",1980,"DNK",5,-3.358,11528.764,20.124,27.12120253,0.698785722,-0.034353242,0.564623177,1.42743,39.4186861,-0.484
"126",1981,"DNK",5,-3.03,12517.618,17.014,36.51768116,0.739266217,-0.03481029,0.517071426,-0.841727,37.81659244,-0.658
"127",1982,"DNK",5,-3.738,13795.89,18.271,47.92720403,0.708806872,0.036675013,0.49581936,-2.55413,36.55247809,3.675
"128",1983,"DNK",5,-2.278,14721.193,18.364,54.16666667,0.714763105,0.01604281,0.481294543,1.33277,38.58814726,2.601
"129",1984,"DNK",5,-2.906,15892.424,20.603,63.55734513,0.749519318,0.050563847,0.455470413,5.46788,41.02066005,4.168
"130",1985,"DNK",5,-4.414,17060.611,22.1,68.39349593,0.797547996,0.055329446,0.441061586,7.95479,43.83523346,4.001
"131",1986,"DNK",5,-5.096,18239.777,23.785,66.21381381,0.804173112,0.080154609,0.494980037,11.6206,54.81001368,4.905
"132",1987,"DNK",5,-2.743,18721.638,22.022,60.58171429,0.816697598,-0.014326593,0.544017851,10.3004,49.73553438,0.254
"133",1988,"DNK",5,-1.159,19357.086,21.057,57.14535519,0.822564155,-0.015903032,0.587275088,8.90132,48.07673272,-0.016
"134",1989,"DNK",5,-0.994,20238.32,21.323,56.58396349,0.806187719,0.005564139,0.601259708,7.37618,50.99024883,0.649
"135",1990,"DNK",5,0.992,21272.301,20.798,57.68998748,0.925232023,-0.000508254,0.624853671,5.27415,50.38614327,1.471
"136",1991,"DNK",5,1.424,22239.223,19.612,58.83949275,0.8784554,0.000712731,0.670112252,3.59084,41.94707995,1.396
"137",1992,"DNK",5,2.745,23121.168,18.94,63.84218566,0.999514133,0.019153538,0.615892708,3.34747,39.40253107,1.958
"138",1993,"DNK",5,3.374,23588.5,17.378,66.99461627,0.933329761,-0.008555959,0.620686769,2.78995,34.29660151,0.008
"139",1994,"DNK",5,2.042,25296.86,18.734,66.13409326,0.956633866,0.067653351,0.633805633,2.72973,30.26715706,5.332
"140",1995,"DNK",5,1.002,26510.402,20.686,68.72210109,1.022286326,0.044551831,0.682827652,2.97554,30.34573013,3.033
"141",1996,"DNK",5,1.647,27589.073,20.064,69.23421301,0.988079935,0.024697644,0.702289999,3.64978,30.99124744,2.895
"142",1997,"DNK",5,1.313,28845.001,22.062,65.33630425,0.98197028,0.046729706,0.670349836,4.42059,31.51211862,3.264
"143",1998,"DNK",5,-0.149,29693.53,22.655,61.43839548,0.977289766,0.037054399,0.627929568,4.47235,34.32054498,2.218
"144",1999,"DNK",5,2.529,30926.754,20.888,58.07611706,0.945227832,-0.006122206,0.617985249,5.40177,34.08070987,2.946
"145",2000,"DNK",5,1.989,32715.816,22.352,52.40733127,0.952311277,0.031460842,0.574935257,5.85155,131.968435,3.752
"146",2001,"DNK",5,3.646,33615.455,21.825,49.55746845,0.996583194,0.000165403,0.560556769,4.60344,138.8300331,0.822
"147",2002,"DNK",5,2.999,34168.558,21.689,49.46533823,1.057764709,0.016649232,0.568253517,3.43941,141.6030678,0.467
"148",2003,"DNK",5,3.931,34886.661,20.922,47.20983744,1.128830254,0.001701735,0.622772753,2.78056,147.8151747,0.388
"149",2004,"DNK",5,3.48,36696.749,21.837,45.13081613,1.195732594,0.043107738,0.652880967,4.45348,154.0538565,2.642
"150",2005,"DNK",5,4.259,38699.639,22.167,37.75792635,1.270197034,0.034481705,0.663067102,7.09947,167.3102487,2.431
"151",2006,"DNK",5,3.153,41282.108,24.494,32.07477788,1.322016358,0.0517729,0.691272318,6.81307,180.04425,3.8
"152",2007,"DNK",5,1.384,42574.73,25.366,27.13052362,1.345640302,0.023062468,0.76793462,6.38089,197.3787763,0.821
"153",2008,"DNK",5,2.669,42874.229,24.082,33.37628454,1.375170171,-0.008818303,0.854890466,4.67969,210.9745114,-0.713
"154",2009,"DNK",5,3.32,40736.088,18.892,40.67630152,1.185664892,-0.065883845,0.801318765,-0.89348,217.4184787,-5.089
"155",2010,"DNK",5,5.729,41726.124,18.417,42.74726935,1.18864584,0.0133989,0.810258269,-0.888445,211.3272239,1.622
"156",1980,"HUN",6,-4.809,6288.217,32.598,NA,0.37347661,-0.006002029,0.505190909,NA,NA,0.215
"157",1981,"HUN",6,-5.827,7075.089,31.222,NA,0.37423864,0.014482717,0.511566103,NA,NA,2.867
"158",1982,"HUN",6,-2.219,7735.313,30.026,87.3018,0.359783977,-0.000958095,0.492166102,NA,NA,2.841
"159",1983,"HUN",6,-0.833,8116.445,27.796,84.9011,0.37053664,-0.016804981,0.447177887,NA,NA,0.723
"160",1984,"HUN",6,0.185,8653.254,26.75,85.5903,0.388965696,0.002520848,0.41074422,NA,NA,2.658
"161",1985,"HUN",6,-2.134,8942.557,25.928,96.4301,0.413677752,0.004327878,0.4065561,NA,NA,-0.253
"162",1986,"HUN",6,-5.558,9297.039,28.245,104.648,0.401548862,0.039311868,0.445813537,NA,NA,1.535
"163",1987,"HUN",6,-2.504,9968.387,28.271,112.755,0.351338863,0.032050356,0.486926168,NA,NA,4.051
"164",1988,"HUN",6,-1.937,10355.035,26.652,101.824,0.327445462,-0.028167378,0.53837043,NA,NA,-0.065
"165",1989,"HUN",6,-1.95,10881.309,27.704,101.329,0.310711503,0.009542899,0.552388847,NA,NA,0.736
"166",1990,"HUN",6,1.108,10937.897,26.666,117.244,0.304188237,-0.030891219,0.556854665,6.52055,NA,-3.497
"167",1991,"HUN",6,1.167,9959.531,22.372,127.635,0.369483754,-0.090556336,0.612591386,2.00132,37.88878156,-11.892
"168",1992,"HUN",6,0.914,9873.978,18.021,119.576,0.435380742,-0.031757011,0.557136118,-2.26042,32.32616622,-3.064
"169",1993,"HUN",6,-10.683,10058.987,22.271,107.2640705,0.407446489,0.10119986,0.573381186,-4.69438,27.4843407,-0.576
"170",1994,"HUN",6,-9.447,10591.2,24.37,94.952141,0.422127545,0.017645825,0.583148539,-1.86826,25.64570394,2.947
"171",1995,"HUN",6,-3.548,11101.114,23.191,82.6402115,0.567661166,-0.052282561,0.647069693,0.121285,21.8286651,2.541
"172",1996,"HUN",6,-3.799,11325.083,24.867,70.3492015,0.61870262,-0.007909776,0.66132611,4.74947,21.45702297,0.034
"173",1997,"HUN",6,-4.349,11930.571,26.331,61.70967962,0.716482818,0.036025003,0.650868714,2.96527,23.62975406,3.372
"174",1998,"HUN",6,-7.004,12593.244,28.875,59.846539,0.832212716,0.073625088,0.635504127,-0.440638,23.45311543,4.208
"175",1999,"HUN",6,-7.683,13234.758,27.44,60.88992524,0.859225482,0.040539791,0.63239187,1.56445,25.56621345,3.238
"176",2000,"HUN",6,-8.514,14152.654,28.318,55.69545147,0.940196216,0.034795003,0.587653518,2.27677,31.9578163,4.24
"177",2001,"HUN",6,-5.873,15048.25,26.378,52.58876396,0.968410641,0.018493342,0.576619983,0.640086,32.77502223,3.735
"178",2002,"HUN",6,-6.325,16004.71,25.773,55.72612455,0.992140085,0.065685666,0.583121598,-4.92576,34.48204944,4.491
"179",2003,"HUN",6,-8.041,16995.73,24.715,58.50994299,1.109538794,0.058786705,0.64206183,-3.14439,42.10448147,3.778
"180",2004,"HUN",6,-8.58,18344.687,26.984,59.43923294,1.295887053,0.046923076,0.686714768,-2.02298,45.38951829,4.789
"181",2005,"HUN",6,-7.035,19778.596,25.374,61.68742131,1.367655396,0.013732323,0.687062144,-3.77063,50.53098566,4.26
"182",2006,"HUN",6,-7.049,21238.406,25.682,65.9088897,1.524550021,0.015867441,0.718482077,-5.45599,54.77185895,3.963
"183",2007,"HUN",6,-7.129,21938.974,24.176,67.04892617,1.761430681,-0.014364101,0.784687459,-0.942599,61.44720632,0.511
"184",2008,"HUN",6,-7.094,22613.045,24.683,72.97656038,1.844547629,0.006965983,0.843833804,0.459401,68.7536077,0.879
"185",2009,"HUN",6,-0.811,21321.851,20.275,79.79315146,1.526223183,-0.105327556,0.783846974,0.126016,68.04119613,-6.551
"186",2010,"HUN",6,0.281,21789.596,20.638,81.83910838,1.737584293,-0.004966332,0.768520355,-0.133197,68.25849745,0.789
"187",1980,"ISR",7,-3.702,6990.405,20.412,NA,0.559461087,-0.038436994,0.443560392,-8.95077,70.80667222,3.568
"188",1981,"ISR",7,-5.421,7947.184,19.12,NA,0.533188969,0.073786543,0.448068678,-9.97095,61.88947984,4.723
"189",1982,"ISR",7,-8.374,8409.544,21.694,NA,0.51661776,0.055582101,0.44566521,-2.73867,68.61750477,1.424
"190",1983,"ISR",7,-7.878,8781.043,22.582,260.4568924,0.500412881,0.060490012,0.449326962,-0.971639,71.12540925,2.586
"191",1984,"ISR",7,-5.525,9175.223,20.657,283.9573935,0.537526265,-0.041314755,0.425036401,-5.51505,81.66632018,2.21
"192",1985,"ISR",7,3.745,9717.618,17.465,198.987447,0.529227331,-0.008841637,0.437068522,1.74279,59.96236904,4.451
"193",1986,"ISR",7,3.929,10108.399,17.94,162.4667617,0.492539525,0.085155288,0.490632534,6.89934,52.65071117,3.551
"194",1987,"ISR",7,-3.614,10964.078,17.834,143.2264721,0.517790273,0.09800143,0.538468301,5.98034,56.03127166,7.49
"195",1988,"ISR",7,-1.726,11559.683,17.693,145.3565375,0.504878342,0.029018834,0.589107752,6.89707,58.02077643,3.564
"196",1989,"ISR",7,0.436,11973.413,17.082,147.4115001,0.538019955,-0.01734781,0.596874714,-1.93591,57.87182609,1.419
"197",1990,"ISR",7,0.292,12836.407,19.092,138.2521353,0.573185682,0.092785718,0.593152225,-2.14177,57.59815474,6.633
"198",1991,"ISR",7,-1.939,13066.107,24.799,123.6577191,0.51095286,0.131995196,0.659682572,2.91161,55.96267247,4.618
"199",1992,"ISR",7,-1.186,13825.009,24.804,119.6294844,0.578228265,0.061211959,0.593844295,-2.62338,58.17565505,7.155
"200",1993,"ISR",7,-3.365,14309.394,24.999,118.3033956,0.603824317,0.063047768,0.607142329,-0.841073,65.28145814,3.771
"201",1994,"ISR",7,-4.051,15245.368,24.384,110.1848328,0.614507869,0.075914719,0.627561271,0.066882,68.62029959,7.011
"202",1995,"ISR",7,-4.949,16612.794,25.537,102.1999969,0.63509123,0.067944252,0.68614924,2.08563,64.04789405,9.654
"203",1996,"ISR",7,-4.859,17514.697,25.508,100.0999985,0.633008137,0.059797244,0.696857154,-0.188434,65.53692703,6.157
"204",1997,"ISR",7,-3.132,18090.582,24.526,99.40000153,0.653270602,0.021541129,0.661593795,1.15244,68.12148095,4.082
"205",1998,"ISR",7,-0.993,18605.122,22.784,100.9000015,0.624046415,0.026919076,0.627031565,1.45063,72.70916144,4.252
"206",1999,"ISR",7,-1.294,19114.974,23.338,94.80000305,0.661600441,0.041341783,0.622823834,2.58828,75.73884681,3.737
"207",2000,"ISR",7,-1.485,20727.216,22.554,84.40000153,0.742952615,0.056312135,0.583326578,4.48308,76.76971732,8.942
"208",2001,"ISR",7,-1.448,20754.07,22.191,88.90000153,0.6957964,0.022011725,0.576930642,1.76498,84.94868011,0.242
"209",2002,"ISR",7,-0.868,20640.625,20.465,96.59999847,0.689044327,-0.003512419,0.581412435,0.014384,89.76496964,-0.068
"210",2003,"ISR",7,0.602,20916.311,19.232,95.56664372,0.696076065,-0.016605644,0.629278243,-0.019779,85.65991304,1.177
"211",2004,"ISR",7,1.489,22195.212,19.472,94.11621056,0.790870667,0.02880835,0.664601922,1.78162,85.11859853,5.114
"212",2005,"ISR",7,3.022,23498.136,20.428,90.62597365,0.870375603,0.045667175,0.673237145,2.88359,89.8491038,4.39
"213",2006,"ISR",7,4.618,25171.953,20.313,81.62730429,0.88686204,0.045944087,0.699986458,3.91784,83.31823173,5.802
"214",2007,"ISR",7,4.03,26951.184,20.873,74.62238145,0.927553862,0.06560772,0.772553623,4.34399,93.07187014,6.135
"215",2008,"ISR",7,1.11,27815.408,19.705,72.92537745,0.984553277,0.02229853,0.822820723,1.5526,94.4157144,3.059
"216",2009,"ISR",7,3.541,27716.404,17.992,75.26946019,0.743896037,0.001169648,0.837533057,-1.36395,88.58352446,1.269
"217",2010,"ISR",7,3.561,29063.806,18.21,71.4511132,0.851383805,0.043878446,0.863644242,-0.037919,89.77716483,5.517
"218",1980,"JPN",8,-0.989,8539.682,32.139,52.78150003,0.270230547,0.007111015,0.473672956,-1.64438,129.3618095,3.181
"219",1981,"JPN",8,0.396,9655.434,31.064,57.21008742,0.280072868,0.02649422,0.510494053,-0.660249,132.1300428,4.177
"220",1982,"JPN",8,0.613,10526.278,29.768,61.02460482,0.275332272,0.031177307,0.472358495,-0.213728,137.5330202,3.377
"221",1983,"JPN",8,1.708,11199.638,27.799,65.60331873,0.275208838,0.019186208,0.483811706,-0.010735,142.898801,3.061
"222",1984,"JPN",8,2.704,12035.683,27.672,67.11700069,0.308799252,0.036809348,0.486411363,1.58987,145.2591751,4.464
"223",1985,"JPN",8,3.624,13125.094,28.193,68.15176347,0.299917102,0.053420318,0.486890405,2.93744,147.6909858,6.333
"224",1986,"JPN",8,4.121,13693.837,27.961,72.50735186,0.26132334,0.040957697,0.577952087,2.90082,153.9966964,2.831
"225",1987,"JPN",8,3.39,14549.346,28.494,73.68913537,0.248627611,0.049597671,0.642402351,3.88895,170.9238356,4.107
"226",1988,"JPN",8,2.626,16064.623,30.66,71.8656986,0.250648759,0.080235269,0.685279667,4.52318,179.8330715,7.147
"227",1989,"JPN",8,2.093,17517.333,31.828,70.08790265,0.248483539,0.059353032,0.686284542,5.09248,187.4781791,5.37
"228",1990,"JPN",8,1.441,19111.271,32.528,66.95400926,0.243774161,0.056239511,0.716368139,5.53215,191.9403555,5.572
"229",1991,"JPN",8,1.926,20328.368,32.253,66.37631193,0.227523521,0.026990408,0.753335297,5.38219,192.5289112,3.324
"230",1992,"JPN",8,2.917,20882.047,30.577,69.85407291,0.242429152,0.003183552,0.720570326,4.24086,196.6938305,0.819
"231",1993,"JPN",8,2.988,21345.604,29.258,76.74841859,0.241574138,0.000537492,0.729152739,1.06931,199.161945,0.171
"232",1994,"JPN",8,2.691,21927.827,28.048,83.16210403,0.253804959,0.011154861,0.746873021,-0.295076,201.5730315,0.864
"233",1995,"JPN",8,2.07,22762.955,28.098,89.98842398,0.265224919,0.02413129,0.799998939,-1.11466,201.2420001,1.942
"234",1996,"JPN",8,1.465,23727.577,28.615,95.9380276,0.257723168,0.032186671,0.788759291,-1.64145,202.4343725,2.61
"235",1997,"JPN",8,2.2,24461.605,28.086,104.8464036,0.271190666,0.006400202,0.738725126,-0.596245,214.6166568,1.596
"236",1998,"JPN",8,2.939,24172.528,26.1,117.3010607,0.259400152,-0.023685237,0.695189834,-2.09754,224.6584469,-2.003
"237",1999,"JPN",8,2.586,24447.107,24.731,131.8650846,0.284073062,-0.000951861,0.684047461,-3.93114,227.7525078,-0.199
"238",2000,"JPN",8,2.762,25520.421,25.105,140.144726,0.335968047,0.01925739,0.642571688,-4.29963,219.282254,2.257
"239",2001,"JPN",8,2.071,26124.62,24.304,153.6345354,0.30813846,0.012198406,0.623929977,-3.09853,189.5087304,0.355
"240",2002,"JPN",8,2.741,26549.75,22.459,163.9919102,0.306363419,-0.004958402,0.629442155,-5.01905,186.9473722,0.29
"241",2003,"JPN",8,3.239,27493.658,22.399,169.5718212,0.31435211,0.010227822,0.689690828,-5.27447,186.4740201,1.685
"242",2004,"JPN",8,3.91,28885.798,22.504,180.6568817,0.344365552,0.015392931,0.736606896,-3.63399,179.4763535,2.361
"243",2005,"JPN",8,3.721,30198.105,22.466,186.4363578,0.366833106,0.009723171,0.729256094,-2.42883,194.214581,1.303
"244",2006,"JPN",8,4.006,31634.139,22.681,185.9972725,0.386443362,0.008683959,0.757609725,-1.5697,190.5089138,1.693
"245",2007,"JPN",8,4.87,33153.505,22.884,183.0123562,0.390990987,0.011474533,0.821401119,0.088028,181.3298577,2.192
"246",2008,"JPN",8,2.941,33430.484,22.977,191.8121432,0.404775888,-0.012597532,0.897025466,-1.63189,175.5706847,-1.042
"247",2009,"JPN",8,2.885,31825.956,19.665,210.2468361,0.319827601,-0.039882373,0.939226508,-7.71165,184.8749423,-5.527
"248",2010,"JPN",8,4.019,33733.578,19.811,215.9520706,0.370311871,0.027334129,0.974710345,-6.5946,176.3977235,4.711
"249",1980,"KOR",9,-8.145,2183.962,34.456,16.9634,0.539081484,-0.051187148,0.41177845,1.60874,38.94112448,-1.701
"250",1981,"KOR",9,-8.867,2519.725,32.445,18.8612,0.549972624,0.046186223,0.438652158,2.19044,39.01720645,7.181
"251",1982,"KOR",9,-7.126,2852.808,32.209,21.2851,0.519860536,0.070713237,0.432255834,0.79203,42.45231617,8.265
"252",1983,"KOR",9,-4.028,3308.96,32.782,20.464,0.51696071,0.108480788,0.423522502,2.12554,42.37618193,13.242
"253",1984,"KOR",9,-1.818,3737.795,32.248,20.726,0.550438732,0.082687,0.433819294,1.95799,42.18238969,10.443
"254",1985,"KOR",9,-2.073,4115.623,32.566,21.4646,0.535485834,0.069367153,0.442525595,1.68797,44.75250728,7.75
"255",1986,"KOR",9,2.391,4623.632,32.422,18.9868,0.440504268,0.100659246,0.484746784,1.9934,44.05699472,11.224
"256",1987,"KOR",9,6.041,5280.515,33.09,16.5558,0.471617848,0.10744955,0.522523344,2.71561,44.90550117,12.467
"257",1988,"KOR",9,6.628,6056.404,34.704,13.5183,0.48329936,0.122165484,0.58314544,3.723,43.30419475,11.905
"258",1989,"KOR",9,1.706,6667.935,37.096,10.385,0.468402058,0.133187455,0.599152625,2.81884,48.27753668,7.03
"259",1990,"KOR",9,-0.861,7518.532,39.616,8.40282,0.456358463,0.121569666,0.615136802,3.68415,50.52622387,9.811
"260",1991,"KOR",9,-2.335,8488.726,41.374,7.80629,0.435060456,0.113301102,0.652104557,2.51948,50.10889983,10.354
"261",1992,"KOR",9,-0.695,9123.118,38.485,7.70514,0.453169733,0.035146388,0.611017346,3.03277,48.83492474,6.175
"262",1993,"KOR",9,0.524,9878.791,37.48,7.54453,0.433555827,0.056442157,0.625138044,3.64714,48.84341914,6.847
"263",1994,"KOR",9,-0.98,10907.561,38.539,7.69814,0.451214433,0.101993524,0.65033108,2.62315,49.86586474,9.206
"264",1995,"KOR",9,-1.752,12078.583,39.003,7.10565,0.497895464,0.087402099,0.71580404,2.85851,49.23713607,9.571
"265",1996,"KOR",9,-3.985,13107.596,39.681,6.82168,0.501704574,0.081973952,0.726400495,2.95822,52.4554521,7.595
"266",1997,"KOR",9,-1.845,13989.766,37.425,10.73140442,0.510107532,0.014238976,0.683177412,3.00861,57.60958693,5.922
"267",1998,"KOR",9,10.706,13271.703,27.762,15.35490804,0.474571049,-0.167143194,0.638472795,1.89042,62.9042398,-5.471
"268",1999,"KOR",9,4.453,14892.397,30.916,17.59810185,0.495702326,0.145873356,0.63327384,2.35073,68.3841658,11.309
"269",2000,"KOR",9,1.86,16452.392,32.942,18.02040729,0.589221269,0.095246177,0.587662458,5.5164,73.60332313,8.924
"270",2001,"KOR",9,0.506,17459.125,31.56,18.70016301,0.527253821,0.036803436,0.578742743,3.82688,106.057821,4.525
"271",2002,"KOR",9,0.771,18938.81,30.94,18.5597171,0.518459633,0.079290403,0.590879261,4.59423,116.0223973,7.432
"272",2003,"KOR",9,1.745,19784.519,32.015,21.61674338,0.543065965,0.015234339,0.645372868,2.56721,114.7402521,2.933
"273",2004,"KOR",9,3.889,21244.697,32.117,24.63282116,0.623724073,0.015096122,0.690545261,1.15172,109.7758382,4.9
"274",2005,"KOR",9,1.409,22741.889,32.163,28.65929508,0.657526374,0.038492316,0.698801517,2.07741,114.8187794,3.924
"275",2006,"KOR",9,0.353,24534.81,32.701,31.11801148,0.704302251,0.049008427,0.728124499,2.47963,127.2213077,5.176
"276",2007,"KOR",9,1.051,26440.401,32.58,30.65620664,0.734299988,0.046518267,0.790562987,3.69778,134.8799559,5.463
"277",2008,"KOR",9,0.318,27522.982,33.019,30.10818433,0.794849336,0.01360954,0.830826104,3.03715,148.3404699,2.829
"278",2009,"KOR",9,3.725,27795.7,28.466,33.76493657,0.717357129,-0.032860445,0.75450331,1.10066,144.5265779,0.708
"279",2010,"KOR",9,2.636,29824.734,32.023,33.43099729,0.791813284,0.073040557,0.831939995,2.82758,135.9277756,6.497
"280",1980,"MEX",10,-4.447,5486.244,26.716,31.4137,0.123279713,0.119800271,0.477701217,1.76748,19.3682306,9.482
"281",1981,"MEX",10,-5.39,6368.409,26.903,39.48295,0.131154288,0.099778143,0.552333891,0.065788,19.55595478,8.526
"282",1982,"MEX",10,-2.693,6590.892,23.69,47.5522,0.114804186,-0.094640777,0.474566996,0.672243,15.3094718,-0.521
"283",1983,"MEX",10,3.287,6482.878,21.289,57.4069,0.114528947,-0.116390593,0.443437994,6.95527,12.56787606,-3.486
"284",1984,"MEX",10,1.99,6808.193,20.761,53.9778,0.128624067,0.043091833,0.446339279,6.84471,14.118928,3.411
"285",1985,"MEX",10,0.358,7040.686,21.916,51.9132,0.127878528,0.053752208,0.432361901,4.78305,13.01509073,2.188
"286",1986,"MEX",10,-0.889,6825.528,18.995,78.1448,0.107530128,-0.069988275,0.461692572,5.94988,13.03169982,-3.079
"287",1987,"MEX",10,2.502,6980.622,20.793,77.6509,0.094668761,0.011667272,0.50603646,8.4217,12.92629385,1.722
"288",1988,"MEX",10,-1.146,7172.809,19.971,73.2093,0.103566252,0.040307266,0.558321595,8.44896,11.11396062,1.283
"289",1989,"MEX",10,-2.305,7602.043,20.287,59.7947,0.11362749,0.053958999,0.569297135,8.55091,15.55866983,4.105
"290",1990,"MEX",10,-2.5,8122.664,20.425,53.5187,0.130753033,0.074586776,0.562933624,7.27334,17.45248796,5.176
"291",1991,"MEX",10,-4.099,8592.217,20.561,44.0691,0.129867144,0.060462568,0.68271035,5.21394,20.92487986,4.215
"292",1992,"MEX",10,-5.898,8947.695,20.47,34.2539,0.234646812,0.065138186,0.555329561,4.62323,28.03700231,3.541
"293",1993,"MEX",10,-4.642,9216.528,18.904,31.4806,0.238709114,0.010075199,0.599293828,2.75814,25.38100582,2.25
"294",1994,"MEX",10,-5.625,9703.569,19.608,30.9095,0.265476577,0.056871049,0.638056874,2.00213,30.9146178,4.727
"295",1995,"MEX",10,-0.459,9193.709,16.946,56.8034,0.300913334,-0.153569639,0.673146248,4.30935,24.35998077,-5.759
"296",1996,"MEX",10,-0.631,9768.154,18.981,46.58690591,0.372219294,0.072187504,0.704281926,2.62887,15.72025856,5.875
"297",1997,"MEX",10,-1.595,10482.012,19.603,42.74523833,0.424114898,0.1086882,0.675219655,1.83048,22.12595203,6.963
"298",1998,"MEX",10,-3.186,10949.667,21.68,43.58341851,0.436907306,0.06492856,0.636531353,0.14999,19.91257047,4.702
"299",1999,"MEX",10,-2.416,11274.008,21.951,45.7590937,0.510527343,0.042732476,0.630670786,0.858459,16.92730057,2.667
"300",2000,"MEX",10,-2.743,11998.068,22.538,41.34323744,0.573171258,0.084473557,0.595248044,1.21332,15.57363828,5.296
"301",2001,"MEX",10,-2.45,12050.718,20.962,40.6196817,0.543526351,0.004396661,0.577585042,0.871618,13.44639697,-0.605
"302",2002,"MEX",10,-2.001,12098.365,20.003,42.95136715,0.542647928,0.007436701,0.584411025,-0.112481,15.49948033,0.132
"303",2003,"MEX",10,-1.168,12359.556,21.914,44.19575372,0.512960449,0.0058818,0.630851388,0.869968,15.71413919,1.423
"304",2004,"MEX",10,-0.91,13090.994,22.683,40.6167483,0.531378925,0.039601876,0.654365063,1.58609,15.00626928,4.296
"305",2005,"MEX",10,-1.048,13766.095,22.3,38.86755512,0.513292983,0.037473642,0.67151612,1.54014,16.21905392,3.033
"306",2006,"MEX",10,-0.799,14725.484,23.469,37.79519237,0.553287297,0.057021709,0.705611289,1.77752,19.36543387,5.001
"307",2007,"MEX",10,-1.406,15397.39,23.392,37.56218198,0.543659419,0.038291557,0.761009693,1.46365,21.59287573,3.148
"308",2008,"MEX",10,-1.85,15703.477,24.436,42.85069117,0.557978183,0.019128949,0.794315934,1.57408,20.83671543,1.4
"309",2009,"MEX",10,-0.939,14872.59,22.907,43.94303758,0.456190243,-0.080656898,0.79050523,-2.09014,22.77074217,-4.7
"310",2010,"MEX",10,-0.475,15623.904,22.056,42.40766104,0.540835649,0.050029963,0.817441165,-1.94585,24.31518855,5.11
"311",1980,"NZL",11,-4.01,8800.418,23.383,52.26774438,0.524570048,-0.016164651,0.463222265,-1.06798,20.64509508,1.009
"312",1981,"NZL",11,-4.933,9855.153,21.312,50.52670494,0.502536505,0.058038849,0.489451528,-2.13989,20.72638066,2.961
"313",1982,"NZL",11,-7.368,10684.472,22.94,51.56286974,0.518274799,0.010382118,0.474847823,-1.94569,21.77106266,2.878
"314",1983,"NZL",11,-4.358,10987.402,24.001,59.64150403,0.464569405,0.036018192,0.454115421,-1.94501,21.34571647,-0.124
"315",1984,"NZL",11,-8.851,12036.461,29.38,62.79944889,0.505150199,0.057561754,0.436760932,-2.89539,22.10720762,6.858
"316",1985,"NZL",11,-6.65,12451.458,27.643,71.78950846,0.512830079,-0.000503219,0.428953111,-1.47326,23.74526307,1.213
"317",1986,"NZL",11,-5.54,12815.843,25.082,70.67311515,0.429178774,0.018737423,0.489354193,-0.641621,26.39716794,1.81
"318",1987,"NZL",11,-4.006,13344.313,23.349,76.04927661,0.452107713,0.017177585,0.534886539,1.04875,28.430234,2.436
"319",1988,"NZL",11,-0.253,13761.048,20.849,62.35416168,0.449745432,0.01380777,0.572443247,2.55429,68.84115967,0.555
"320",1989,"NZL",11,-2.947,14364.643,23.083,58.39949424,0.471510559,0.047563104,0.59395498,2.69014,72.25930229,1.516
"321",1990,"NZL",11,-2.792,14886.584,21.393,61.70875948,0.502852231,-0.012730151,0.596405983,2.64366,73.65674777,1.121
"322",1991,"NZL",11,-2.363,14666.694,17.134,60.05987533,0.45586212,-0.048227372,0.659970641,0.510838,77.36575909,-2.129
"323",1992,"NZL",11,-3.648,14977.956,18.531,64.58401887,0.518002793,0.021202055,0.568332732,0.638076,82.32099339,0.874
"324",1993,"NZL",11,-3.335,15883.936,20.912,63.0970417,0.509328082,0.065131223,0.591185033,4.09292,80.74940528,4.914
"325",1994,"NZL",11,-3.095,17063.703,22.393,57.04719427,0.548847318,0.066295156,0.611802995,6.47449,83.30131785,6.665
"326",1995,"NZL",11,-3.913,17865.127,23.33,50.65478105,0.551862955,0.055232237,0.666179657,7.52618,89.15151134,4.199
"327",1996,"NZL",11,-4.748,18629.066,23.453,44.77821297,0.557474583,0.0365209,0.681091249,6.01698,94.3933818,3.943
"328",1997,"NZL",11,-5.192,19301.986,23.155,36.99338743,0.548231035,0.02481477,0.661830902,4.3585,101.2771632,2.962
"329",1998,"NZL",11,-2.661,19510.498,21.101,37.6140323,0.468670726,0.008788073,0.614562869,2.66635,106.0647886,0.692
"330",1999,"NZL",11,-4.895,20588.79,22.573,35.8288196,0.506807983,0.061405518,0.60824883,1.8155,108.7276539,4.531
"331",2000,"NZL",11,-3.243,21770.659,22.692,33.19609469,0.523702353,0.002448066,0.569215357,2.6943,109.1641676,3.979
"332",2001,"NZL",11,-0.811,22496.423,21.809,32.01118097,0.515540063,0.039381104,0.56377852,3.43867,107.8369164,2.155
"333",2002,"NZL",11,-2.17,23588.467,23.34,28.95670418,0.532059759,0.045556601,0.565567851,4.06318,102.5299888,5.202
"334",2003,"NZL",11,-2.438,24723.121,23.618,25.90222739,0.560872108,0.075341299,0.632685363,4.55686,107.9031814,4.618
"335",2004,"NZL",11,-4.56,26174.639,25.3,23.57660843,0.658272594,0.056994593,0.684747517,5.1007,111.6094182,4.375
"336",2005,"NZL",11,-7.054,27465.897,25.359,21.7543571,0.684794605,0.047707609,0.702486455,5.53149,121.606565,2.816
"337",2006,"NZL",11,-7.141,28645.231,23.823,19.29270015,0.669052273,0.007273017,0.731675088,4.66623,130.9243982,2.354
"338",2007,"NZL",11,-6.816,30236.707,24.794,17.20602184,0.693173498,0.056179922,0.80968082,3.86556,136.622705,3.714
"339",2008,"NZL",11,-7.741,30326.432,23.726,20.06938068,0.723987877,-0.019754633,0.868840218,1.4093,147.5271809,-0.831
"340",2009,"NZL",11,-2.283,30329.74,19.783,25.8823498,0.640778095,-0.036501149,0.723535895,-2.03778,144.9690961,0.458
"341",2010,"NZL",11,-2.259,31019.408,20.471,32.00555731,0.657219499,0.031797983,0.877301395,-4.57377,145.4173614,2.014
"342",1980,"POL",12,-6.035,4724.012,NA,NA,0.360449135,-0.051358757,0.496410608,NA,NA,-6
"343",1981,"POL",12,-7.43,4607.158,NA,NA,0.307353154,-0.070160775,0.48844406,NA,NA,-10
"344",1982,"POL",12,-2.978,4613.47,NA,NA,0.233334109,-0.093886627,0.478303343,NA,NA,-4.846
"345",1983,"POL",12,-2.097,4993.16,NA,NA,0.227872893,0.051436286,0.45093593,NA,NA,5.6
"346",1984,"POL",12,-1.434,5107.239,27.44,NA,0.229178168,0.049866987,0.410282314,NA,NA,-0.366
"347",1985,"POL",12,-1.387,5433.455,28.83,NA,0.218499914,0.038683822,0.400516957,NA,NA,3.862
"348",1986,"POL",12,-1.501,5701.43,23.708,50.8193,0.187625758,0.040908612,0.431556433,NA,NA,3.494
"349",1987,"POL",12,-0.595,5951.106,24.005,64.1283,0.161916338,0.017893064,0.474619925,NA,NA,2.302
"350",1988,"POL",12,-0.156,6355.727,27.42,57.3052,0.158864051,0.039936444,0.522617579,NA,NA,3.285
"351",1989,"POL",12,-2.106,6847.733,24.13,61.9529,0.136219002,0.004746316,0.540691137,NA,NA,3.812
"352",1990,"POL",12,4.94,6529.306,25.292,66.4978,0.145134185,-0.154338712,0.538238943,3.62325,19.23353066,-7.171
"353",1991,"POL",12,-2.667,6257.617,19.419,70.5575,0.181131482,0.006658286,0.606260419,-5.31633,21.8330702,-7.005
"354",1992,"POL",12,-3.499,6513.375,14.779,68.7317,0.206826232,0.004256102,0.509946465,-3.82794,19.74356955,2.033
"355",1993,"POL",12,-6.405,6933.419,15.164,67.3787,0.210853584,0.057251748,0.540491104,1.7e-15,19.48161596,4.287
"356",1994,"POL",12,0.611,7436.494,17.28,58.67,0.217543997,0.041311981,0.566036105,0.887923,16.97682401,5.239
"357",1995,"POL",12,0.614,8102.395,18.487,47.65408178,0.244032383,0.073737482,0.611971259,1.32702,16.85082958,6.728
"358",1996,"POL",12,-2.083,8758.474,20.619,42.42064711,0.268444411,0.095527153,0.639148891,-0.301584,19.1859641,6.239
"359",1997,"POL",12,-3.654,9532.332,23.139,42.92590014,0.287712619,0.092741643,0.607443988,-0.093722,20.77993078,7.086
"360",1998,"POL",12,-4.011,10110.386,24.75,38.88937612,0.314320855,0.064206257,0.579868317,-0.258611,22.5022611,4.982
"361",1999,"POL",12,-7.442,10727.592,24.944,39.56685447,0.292315468,0.05208161,0.572851956,0.644146,25.45805901,4.524
"362",2000,"POL",12,-6.039,11559.724,24.543,36.78668633,0.315462515,0.031313257,0.555087447,-0.003896,26.50933948,4.26
"363",2001,"POL",12,-3.122,11968.602,20.503,37.56177493,0.344748512,-0.013010955,0.542321205,-2.14992,27.20280486,1.205
"364",2002,"POL",12,-2.79,12331.545,18.445,42.15991919,0.369491875,0.009791002,0.553331792,-2.09788,27.36573647,1.443
"365",2003,"POL",12,-2.516,13033.567,18.832,47.05308459,0.422159076,0.027972165,0.617559195,-3.22076,27.97800338,3.562
"366",2004,"POL",12,-5.352,14090.034,20.355,45.68618951,0.510182366,0.062178849,0.664389491,-2.62758,28.06441455,5.136
"367",2005,"POL",12,-2.54,15065.818,19.629,47.08816404,0.565283835,0.024672119,0.669842958,-1.27631,28.88998994,3.547
"368",2006,"POL",12,-3.974,16497.653,21.531,47.73783116,0.644584656,0.073078278,0.705371678,-0.975254,33.12964874,6.193
"369",2007,"POL",12,-6.278,18171.406,24.8,44.98627433,0.693532467,0.087143814,0.77164346,0.431277,39.10966967,7.202
"370",2008,"POL",12,-6.572,19259.193,24.313,47.10631832,0.74818626,0.056028566,0.871988356,-1.45543,49.56784585,3.92
"371",2009,"POL",12,-3.952,19906.061,20.21,50.87983675,0.589057863,-0.010534663,0.804975629,-4.70728,49.7530565,2.634
"372",2010,"POL",12,-5.516,20956.666,20.998,54.83785551,0.622066528,0.045587455,0.826807022,-5.15374,51.16279393,3.699
"373",1980,"SWE",13,-3.134,10531.049,24.715,46.92337484,0.801528782,0.021080691,0.598195612,-8.149359877,69.87439639,4.555
"374",1981,"SWE",13,-2.202,12012.847,22.081,55.37114321,0.760031551,-0.024564642,0.560623646,-7.749848264,75.72139318,4.393
"375",1982,"SWE",13,-3.074,12933.184,21.759,65.55527386,0.757181674,0.006032615,0.512872934,-7.946035175,78.49321369,1.426
"376",1983,"SWE",13,-0.726,13715.258,21.599,69.5921809,0.763914973,-0.009464865,0.480795324,-6.718287721,78.24873466,2.058
"377",1984,"SWE",13,0.68,14790.529,22.411,70.87923972,0.782294631,0.036584286,0.47646606,-2.617378912,78.99268907,4.295
"378",1985,"SWE",13,-1.042,15581.637,24.337,70.39896139,0.817741781,0.043523859,0.474269539,0.967955572,80.33815471,2.272
"379",1986,"SWE",13,0.629,16315.407,23.033,69.67856144,0.789396882,0.028941402,0.553713977,2.474115267,90.36748215,2.927
"380",1987,"SWE",13,0.159,17211.328,23.958,61.86873089,0.830269963,0.045047797,0.609649718,5.757222139,77.9895801,3.266
"381",1988,"SWE",13,-0.242,18155.425,24.924,55.51313905,0.832097024,0.032092235,0.646125853,5.349027024,88.45794667,2.46
"382",1989,"SWE",13,-1.456,19171.506,27.081,50.41680131,0.822560489,0.043588958,0.664368272,6.89157958,94.57244249,2.463
"383",1990,"SWE",13,-2.449,19891.225,26.647,46.32186018,0.894609749,0.006657814,0.680099666,5.615895489,118.543729,0.8
"384",1991,"SWE",13,-1.748,20216.373,23.264,55.01967572,0.783070356,-0.02061367,0.739374459,1.462952507,116.1126475,-1.027
"385",1992,"SWE",13,-2.643,20362.821,21.704,73.3444247,0.877528071,-0.013996895,0.655087113,-3.249784229,117.4562392,-0.975
"386",1993,"SWE",13,-1.242,20314.857,18.949,78.19499714,0.800856829,-0.049319406,0.665849388,-5.49531,107.4814687,-1.958
"387",1994,"SWE",13,1.043,21420.728,20.256,82.50107489,0.871827573,0.034283776,0.694431305,-2.87641,99.66997873,4.088
"388",1995,"SWE",13,3.191,22693.126,20.654,81.05593855,0.928337753,0.021826236,0.750900149,-2.02816,93.42065724,4.024
"389",1996,"SWE",13,3.344,23439.462,20.405,84.36039408,0.945484638,0.010579066,0.772053897,2.05694,91.99482408,1.518
"390",1997,"SWE",13,3.907,24523.613,20.217,82.97744218,0.924155176,0.014611351,0.723178267,3.57923,92.74100773,2.9
"391",1998,"SWE",13,3.64,25817.98,21.336,81.98776903,0.969660282,0.046934852,0.678099573,5.42596,92.96084887,4.227
"392",1999,"SWE",13,3.937,27378.627,21.628,73.20485536,0.851618886,0.03653043,0.659043312,4.7833,93.74767076,4.53
"393",2000,"SWE",13,3.962,29256.982,22.754,64.28903435,0.943500459,0.040040078,0.609473944,7.05459,40.27507627,4.735
"394",2001,"SWE",13,4.741,30301.757,22.75,62.67420763,0.876001358,0.003031906,0.59384191,4.31963,92.74578008,1.563
"395",2002,"SWE",13,4.483,31293.713,21.741,60.23240016,0.90393585,0.014789814,0.603061438,1.56804,94.24408026,2.074
"396",2003,"SWE",13,6.596,32552.174,21.574,55.2850585,0.998944908,0.020087174,0.661541462,0.970974,94.87844013,2.386
"397",2004,"SWE",13,6.299,34754.113,21.558,50.33771684,1.081266344,0.020969607,0.70077759,2.22142,96.12236931,4.321
"398",2005,"SWE",13,6.463,36735.028,22.004,50.40343038,1.169144809,0.029844474,0.707397044,3.79884,102.7382993,2.818
"399",2006,"SWE",13,8.257,39353.972,23.027,45.26643074,1.230997264,0.0391455,0.732738137,3.9407,107.1801286,4.688
"400",2007,"SWE",13,8.862,41459.84,24.609,40.225936,1.26345402,0.046414986,0.808043242,5.33596,115.1726405,3.405
"401",2008,"SWE",13,8.549,41704.215,24.52,38.80058796,1.333557129,0.000226862,0.857434332,3.88042,120.7373718,-0.557
"402",2009,"SWE",13,5.918,39482.562,20.924,42.55967081,1.089399338,-0.046441816,0.794786513,0.255895,128.6642366,-5.185
"403",2010,"SWE",13,6.011,42021.513,22.913,39.43894454,1.195289075,0.0648454,0.829638362,0.95621,128.3840825,5.989
"404",1980,"TUR",14,-3.278,3545.184,26.527,22.36829945,0.075996697,0.027315055,0.461502224,-3.1486,13.58838374,-0.779
"405",1981,"TUR",14,-1.991,3956.43,25.477,31.99719364,0.088691443,0.029653959,0.465464234,-0.51837,16.64666498,4.365
"406",1982,"TUR",14,-1.097,4232.435,22.862,33.427,0.094666,0.01154712,0.462593019,-0.799541,18.48288252,3.429
"407",1983,"TUR",14,-2.319,4344.846,19.3,32.693,0.095428966,0.059050637,0.42187342,-0.145261,20.76040213,4.758
"408",1984,"TUR",14,-1.784,4695.607,18.065,42.5686,0.118090753,0.062878056,0.401902854,-2.06984,17.84644339,6.823
"409",1985,"TUR",14,-1.118,4938.859,19.619,44.2797,0.118579593,0.035256857,0.413285583,-4.138424673,17.42588081,4.258
"410",1986,"TUR",14,-1.458,5270.29,23.497,38.2129,0.096818846,0.072166335,0.454699814,-0.307948831,19.65414561,6.941
"411",1987,"TUR",14,-0.695,5819.844,24.395,40.3375,0.106606055,0.099682928,0.482245922,-0.899673197,20.58151626,10.027
"412",1988,"TUR",14,1.309,6253.672,24.256,38.642,0.104197249,-0.013850586,0.526140809,-0.517961241,17.33030501,2.121
"413",1989,"TUR",14,0.667,6421.394,22.564,33.4522,0.106703229,0.015133278,0.55151248,-1.060313531,16.63577829,0.253
"414",1990,"TUR",14,-1.298,7111.048,23.657,25.7752,0.127879009,0.143421651,0.547571659,-0.464491791,16.67426516,9.255
"415",1991,"TUR",14,0.447,7269.522,22.418,28.3553,0.120884731,-0.001902188,0.600402653,-3.945495821,17.16911576,0.926
"416",1992,"TUR",14,-0.456,7727.586,23.034,29.1915,0.137786303,0.05317452,0.545369864,-4.277142726,17.94126955,5.984
"417",1993,"TUR",14,-2.653,8407.804,25.638,29.1444,0.149889093,0.133523509,0.549272001,-5.491411416,18.12320311,8.042
"418",1994,"TUR",14,1.504,7984.792,20.766,39.1626,0.144632809,-0.11477939,0.550376475,-1.452839447,15.9407833,-5.456
"419",1995,"TUR",14,-1.027,8574.504,23.478,34.6283,0.171529427,0.104667052,0.596493542,3.218513827,18.48619794,7.19
"420",1996,"TUR",14,-0.997,9170.303,21.954,35.4572,0.170616493,0.077636095,0.629190028,1.358783545,22.82823276,7.007
"421",1997,"TUR",14,-1.032,9846.554,22.307,32.4722,0.19557073,0.087615267,0.597549558,1.137290039,26.30055181,7.528
"422",1998,"TUR",14,0.742,9794.076,22.114,36.5254,0.202941708,0.009311214,0.564282119,6.391442103,17.18759698,3.092
"423",1999,"TUR",14,-0.37,9472.829,19.124,52.0898,0.20056951,-0.017632115,0.558018506,7.032924092,16.62533466,-3.365
"424",2000,"TUR",14,-3.72,10199.029,20.767,51.56083755,0.22231511,0.078071434,0.526074171,5.328439683,17.75213863,6.774
"425",2001,"TUR",14,1.918,9701.731,15.084,77.93597229,0.215893663,-0.11616262,0.520803928,-1.899864031,15.35142752,-5.697
"426",2002,"TUR",14,-0.269,10325.232,17.614,73.99968376,0.257500269,0.085769074,0.530386388,3.56885,14.52128994,6.164
"427",2003,"TUR",14,-2.492,10954.16,17.597,67.69798045,0.327828944,0.085979998,0.586159229,5.1899,14.546437,5.265
"428",2004,"TUR",14,-3.62,12162.809,19.39,59.61151958,0.3648137,0.115054491,0.636397719,6.40375,17.27852692,9.363
"429",2005,"TUR",14,-4.443,13442.626,19.99,52.71047652,0.383109465,0.09149368,0.64490056,6.90797,22.24886606,8.402
"430",2006,"TUR",14,-6.015,14627.009,22.055,46.52412768,0.39197351,0.067719651,0.680291057,6.18907,25.94162553,6.893
"431",2007,"TUR",14,-5.844,15523.935,21.068,39.90733069,0.421358347,0.056890813,0.747163296,4.27681,29.49604415,4.669
"432",2008,"TUR",14,-5.501,15732.27,21.782,39.98456649,0.402148589,-0.010020875,0.87391609,3.0751,35.21035413,0.659
"433",2009,"TUR",14,-1.955,14880.055,14.938,46.07275706,0.330513507,-0.063388333,0.808404803,0.142798,39.17503216,-4.826
"434",2010,"TUR",14,-6.194,16193.129,19.523,42.33529997,0.350028872,0.119711131,0.835055232,1.64653,47.14252382,9.157
"435",1980,"GBR",15,0.631,8707.91,20.35,46.15779482,0.434140682,-0.028333454,0.587324619,-0.762991,26.11636684,-2.169
"436",1981,"GBR",15,1.707,9435.796,19.106,49.96883468,0.411193132,-0.0142352,0.568416834,-1.80095,30.96291992,-0.847
"437",1982,"GBR",15,0.668,10241.228,19.753,48.15968889,0.410403684,0.025482486,0.539916039,-0.398937,34.13275709,2.076
"438",1983,"GBR",15,0.304,11087.92,20.713,47.34810351,0.411126271,0.046921241,0.512172282,-1.32106,37.24690951,4.202
"439",1984,"GBR",15,-0.467,11721.323,21.776,49.25981342,0.450692788,0.031479361,0.482005179,-1.26591,42.44333774,2.258
"440",1985,"GBR",15,-0.238,12493.133,21.806,49.50597095,0.470493034,0.029333524,0.467409372,-0.484349,44.2167419,3.545
"441",1986,"GBR",15,-0.966,13117.66,21.698,50.29407449,0.446931705,0.046029312,0.531360686,2.18164,78.19628219,3.16
"442",1987,"GBR",15,-1.631,14168.562,23.217,49.57260853,0.467146337,0.050860373,0.580340743,2.71847,84.13167111,5.546
"443",1988,"GBR",15,-3.762,15504.175,25.588,47.16931546,0.481877401,0.081639891,0.635239124,4.57088,93.57210874,5.934
"444",1989,"GBR",15,-4.338,16466.345,26.754,42.80083901,0.481936231,0.030748506,0.649392545,4.75874,106.0798554,2.518
"445",1990,"GBR",15,-3.276,17118.806,25.148,38.40668431,0.542174414,-0.002667031,0.66338855,1.86399,107.4077952,0.537
"446",1991,"GBR",15,-1.361,17408.476,22.108,38.01771469,0.467128098,-0.023822845,0.730384171,-0.01136,104.78804,-1.236
"447",1992,"GBR",15,-1.584,17839.582,20.815,39.54907655,0.572062463,0.007690668,0.635366082,-3.49845,103.6112952,0.447
"448",1993,"GBR",15,-1.363,18705.263,20.308,43.45185562,0.4910153,0.02042078,0.65246588,-4.93004,101.6232399,2.646
"449",1994,"GBR",15,-0.462,19821.463,20.336,50.65655866,0.52026388,0.035063074,0.675460219,-3.55034,100.9386629,4.025
"450",1995,"GBR",15,-0.674,20688.587,20.156,54.63370945,0.548990726,0.020412424,0.726961613,-2.34372,105.8949218,2.53
"451",1996,"GBR",15,-0.561,21576.263,20.366,57.15799133,0.556130797,0.031337891,0.741625369,-0.696348,109.0532164,2.667
"452",1997,"GBR",15,-0.149,22448.008,19.551,57.89796605,0.571889907,0.03748232,0.70709759,1.38612,110.7258927,2.553
"453",1998,"GBR",15,-0.384,23423.565,20.053,54.64911069,0.569171369,0.052733414,0.664219975,3.35733,110.8721599,3.511
"454",1999,"GBR",15,-2.61,24444.09,19.448,52.02756939,0.545770437,0.043462399,0.652492285,3.75004,114.2273224,3.151
"455",2000,"GBR",15,-2.392,25853.498,19.824,50.34848033,0.583019257,0.043051073,0.603725374,6.30658,123.3669952,3.769
"456",2001,"GBR",15,-2.087,27043.036,19.274,48.46382646,0.570369244,0.035795298,0.589127004,2.81219,129.2544589,2.665
"457",2002,"GBR",15,-1.989,28033.856,19.02,47.38179645,0.583827257,0.033598486,0.595822155,-0.082576,133.1697654,2.452
"458",2003,"GBR",15,-1.612,29705.756,18.666,46.8953458,0.581284463,0.037392383,0.64953649,-1.42043,137.0282858,4.3
"459",2004,"GBR",15,-1.975,31120.106,18.447,47.15618277,0.616855919,0.035477949,0.687331557,-1.50711,144.5012751,2.454
"460",2005,"GBR",15,-1.27,32807.376,18.27,41.74951419,0.647393048,0.023454683,0.693386853,-1.32202,150.9006075,2.807
"461",2006,"GBR",15,-2.237,34643.434,18.539,42.76037564,0.718512625,0.022562343,0.726446033,-0.669353,161.6006258,3.042
"462",2007,"GBR",15,-2.743,36233.77,18.994,43.74576735,0.66830495,0.037034981,0.792564332,-0.520417,177.6875208,2.556
"463",2008,"GBR",15,-3.716,36574.786,17.98,51.9077062,0.691977739,-0.017578831,0.805598497,-2.71252,200.6065814,-0.332
"464",2009,"GBR",15,-2.793,35039.116,15.048,67.08596763,0.58681348,-0.049224541,0.752760112,-9.51642,201.0930186,-4.311
"465",2010,"GBR",15,-2.604,35872.259,16.33,78.46797454,0.639671057,0.023305679,0.763887525,-7.39599,190.5401687,1.911
"466",1980,"USA",16,0.081,12575.568,23.267,41.17880506,0.179501913,-0.019843157,0.411830842,-0.945071,94.18369225,-0.244
"467",1981,"USA",16,0.157,13965.773,24.247,40.32557596,0.172711648,0.026354218,0.455518335,-0.217471,89.12798174,2.594
"468",1982,"USA",16,-0.165,14410.163,22.063,44.97982063,0.160744138,-0.014674881,0.467288226,-2.49602,92.57739812,-1.911
"469",1983,"USA",16,-1.064,15531.182,22.228,47.84852087,0.152029552,0.0579367,0.47624135,-3.10926,96.00196517,4.633
"470",1984,"USA",16,-2.335,17099.348,25.077,49.5133269,0.167915598,0.086071869,0.480351716,-1.96519,96.72211794,7.259
"471",1985,"USA",16,-2.718,18231.826,24.145,54.09174671,0.171392679,0.044105401,0.482878357,-2.14524,103.5004391,4.238
"472",1986,"USA",16,-3.206,19078.408,23.686,57.52133112,0.154130545,0.035777885,0.555500627,-2.50053,109.9080616,3.512
"473",1987,"USA",16,-3.299,20062.657,23.548,59.27549177,0.153194699,0.028889415,0.608351409,-1.33331,112.2725402,3.462
"474",1988,"USA",16,-2.307,21442.13,22.757,60.14623165,0.157119073,0.031267762,0.652926207,-0.560738,113.3410408,4.204
"475",1989,"USA",16,-1.758,22879.184,22.449,60.27917952,0.163431473,0.029287552,0.660313666,-0.050163,117.205056,3.68
"476",1990,"USA",16,-1.321,23913.764,21.47,61.98682175,0.16686742,0.013401853,0.682125092,-0.957672,114.475517,1.919
"477",1991,"USA",16,0.047,24365.623,20.059,66.36892465,0.157583304,-0.009275706,0.740405262,-1.44106,118.8713126,-0.074
"478",1992,"USA",16,-0.789,25466.828,20.02,68.60531175,0.181648672,0.034171372,0.666674018,-2.36428,117.9000953,3.555
"479",1993,"USA",16,-1.233,26441.648,20.334,70.19201303,0.187216423,0.034340219,0.679032385,-1.67833,120.6402573,2.746
"480",1994,"USA",16,-1.664,27755.764,21.216,69.39359941,0.192911446,0.045049792,0.703176022,-0.349675,119.8284453,4.038
"481",1995,"USA",16,-1.482,28762.676,21.205,68.8004906,0.19887425,0.024091995,0.748503268,0.249844,129.7550173,2.719
"482",1996,"USA",16,-1.54,30047.314,21.629,68.02785134,0.201170757,0.038906763,0.756296039,1.10194,137.2055111,3.796
"483",1997,"USA",16,-1.635,31553.622,22.364,65.62064709,0.220191017,0.047569719,0.715711892,2.33758,146.0529001,4.487
"484",1998,"USA",16,-2.366,32929.038,22.848,62.47217416,0.225764997,0.055301278,0.674270689,3.38376,157.3466012,4.45
"485",1999,"USA",16,-3.059,34601.722,23.318,58.87769122,0.231921099,0.057504018,0.670600593,3.39418,171.0914954,4.685
"486",2000,"USA",16,-3.994,36432.514,23.569,53.03207812,0.277217582,0.04884995,0.628389776,3.93082,162.0850473,4.092
"487",2001,"USA",16,-3.722,37241.347,22.052,52.99986118,0.266659476,0.012449329,0.611811042,2.68031,170.208118,0.976
"488",2002,"USA",16,-4.173,38113.892,21.576,55.36063095,0.259166591,0.023940657,0.614626169,-1.06514,161.6884191,1.786
"489",2003,"USA",16,-4.529,39591.865,21.66,58.4765826,0.248451784,0.028821846,0.670901775,-2.32747,176.5640314,2.807
"490",2004,"USA",16,-5.163,41838.455,22.527,65.42653452,0.262010992,0.039567344,0.709916949,-1.90544,183.936738,3.785
"491",2005,"USA",16,-5.693,44218.306,23.223,64.93048526,0.294201665,0.03176242,0.715180755,-0.565093,187.8478818,3.345
"492",2006,"USA",16,-5.822,46351.667,23.333,63.77237532,0.300473109,0.02566797,0.743555129,0.662436,197.7069491,2.666
"493",2007,"USA",16,-4.964,47954.532,22.351,64.42092905,0.284208469,0.012129871,0.813648641,0.12391,206.3032757,1.779
"494",2008,"USA",16,-4.693,48302.283,20.786,73.34886975,0.294771835,-0.014787953,0.846862733,-3.68865,188.0238654,-0.292
"495",2009,"USA",16,-2.663,46909.422,17.513,86.31874157,0.239430085,-0.040746929,0.854902744,-9.04743,196.5293871,-2.776
"496",2010,"USA",16,-2.953,48309.451,18.394,95.17023325,0.27527824,0.028211471,0.881885946,-8.01891,190.7063278,2.532